129
-2611
-672
2576
-2673
3889
7970
883
3254
9077
-2029
-2841
-7287
-8290
-536
-7273
6769
5445
-2148
1416
6094
-5438
-1719
-710
1110
-7234
1245
5577
-7483
7120
-8971
-2913
3377
5036
8373
1454
2791
8714
9796
-1784
6761
533
-9979
4229
1007
1716
2559
8905
9457
-1726
-3864
6128
-2056
-10
-7091
6219
-9438
-8532
-936
-4831
3678
5161
2850
-738
-9351
6722
-8901
210
3278
4538
-7709
2490
-4835
656
-801
-609
-3468
-7819
-5069
9436
-8130
8702
2262
7871
-7801
3776
1994
-6359
3369
9874
-4862
-207
6218
-1967
9407
8197
-6335
9387
-7428
940
