-9991
-9986
-9985
-9983
-9982
-9974
-9972
-9970
-9969
-9967
-9967
-9966
-9959
-9951
-9949
-9947
-9944
-9942
-9940
-9931
-9919
-9919
-9917
-9915
-9913
-9909
-9908
-9904
-9901
-9901
-9901
-9898
-9897
-9895
-9890
-9887
-9886
-9885
-9883
-9882
-9880
-9878
-9877
-9877
-9874
-9872
-9871
-9863
-9863
-9858
-9853
-9846
-9845
-9842
-9840
-9834
-9825
-9816
-9816
-9814
-9812
-9803
-9797
-9795
-9794
-9792
-9786
-9782
-9772
-9766
-9765
-9765
-9762
-9757
-9756
-9755
-9753
-9749
-9749
-9747
-9743
-9742
-9740
-9738
-9737
-9734
-9734
-9732
-9732
-9731
-9727
-9726
-9726
-9725
-9724
-9723
-9719
-9714
-9712
-9706
-9706
-9705
-9702
-9696
-9694
-9685
-9679
-9678
-9672
-9664
-9658
-9656
-9656
-9647
-9645
-9642
-9640
-9636
-9632
-9630
-9624
-9619
-9616
-9615
-9615
-9611
-9608
-9606
-9602
-9602
-9602
-9592
-9589
-9589
-9586
-9584
-9584
-9584
-9576
-9570
-9569
-9566
-9566
-9563
-9559
-9557
-9554
-9544
-9539
-9528
-9528
-9523
-9522
-9522
-9520
-9513
-9511
-9492
-9492
-9490
-9490
-9479
-9476
-9470
-9469
-9468
-9464
-9459
-9454
-9445
-9440
-9439
-9437
-9435
-9432
-9428
-9422
-9420
-9416
-9415
-9413
-9403
-9403
-9402
-9401
-9400
-9399
-9398
-9397
-9396
-9392
-9387
-9382
-9381
-9379
-9378
-9377
-9376
-9375
-9370
-9369
-9369
-9366
-9366
-9360
-9358
-9353
-9352
-9351
-9351
-9350
-9347
-9342
-9341
-9341
-9341
-9340
-9339
-9337
-9336
-9333
-9327
-9326
-9325
-9321
-9316
-9316
-9314
-9312
-9307
-9299
-9298
-9297
-9294
-9293
-9290
-9284
-9284
-9283
-9277
-9277
-9272
-9269
-9266
-9266
-9261
-9259
-9252
-9248
-9247
-9245
-9237
-9233
-9232
-9231
-9229
-9229
-9228
-9228
-9225
-9222
-9220
-9219
-9219
-9213
-9211
-9206
-9200
-9199
-9193
-9191
-9191
-9187
-9187
-9187
-9180
-9178
-9177
-9173
-9168
-9167
-9166
-9163
-9160
-9157
-9154
-9150
-9147
-9146
-9144
-9141
-9141
-9131
-9125
-9125
-9121
-9115
-9111
-9105
-9094
-9093
-9092
-9088
-9084
-9074
-9071
-9069
-9069
-9065
-9062
-9060
-9060
-9059
-9058
-9053
-9050
-9050
-9045
-9042
-9039
-9038
-9036
-9031
-9031
-9030
-9027
-9027
-9013
-9011
-9006
-9005
-9004
-9003
-8997
-8995
-8992
-8985
-8982
-8972
-8972
-8968
-8965
-8955
-8953
-8952
-8948
-8946
-8941
-8940
-8940
-8937
-8935
-8932
-8931
-8930
-8921
-8917
-8910
-8909
-8906
-8904
-8901
-8900
-8898
-8893
-8889
-8877
-8877
-8873
-8873
-8872
-8871
-8871
-8859
-8852
-8848
-8844
-8844
-8843
-8842
-8842
-8831
-8831
-8826
-8825
-8822
-8819
-8815
-8803
-8797
-8789
-8782
-8780
-8780
-8779
-8777
-8776
-8775
-8772
-8761
-8753
-8750
-8747
-8744
-8742
-8742
-8731
-8729
-8727
-8721
-8717
-8713
-8712
-8709
-8702
-8702
-8701
-8700
-8697
-8697
-8693
-8689
-8688
-8685
-8684
-8679
-8678
-8676
-8675
-8669
-8669
-8667
-8663
-8660
-8655
-8648
-8637
-8636
-8631
-8631
-8628
-8625
-8623
-8612
-8611
-8610
-8608
-8608
-8608
-8598
-8598
-8595
-8584
-8580
-8579
-8574
-8574
-8571
-8570
-8569
-8569
-8565
-8564
-8563
-8563
-8561
-8549
-8548
-8548
-8545
-8543
-8543
-8542
-8535
-8530
-8528
-8516
-8514
-8514
-8505
-8504
-8503
-8500
-8497
-8489
-8487
-8481
-8480
-8480
-8477
-8476
-8475
-8470
-8465
-8459
-8456
-8454
-8446
-8445
-8444
-8440
-8440
-8434
-8433
-8433
-8428
-8427
-8424
-8424
-8422
-8420
-8417
-8416
-8415
-8413
-8413
-8408
-8404
-8399
-8398
-8396
-8393
-8392
-8392
-8391
-8391
-8391
-8390
-8388
-8387
-8386
-8382
-8382
-8380
-8379
-8370
-8367
-8366
-8364
-8363
-8359
-8356
-8355
-8355
-8350
-8344
-8338
-8336
-8335
-8335
-8333
-8333
-8331
-8330
-8327
-8326
-8317
-8316
-8306
-8306
-8305
-8304
-8303
-8301
-8301
-8301
-8299
-8298
-8286
-8285
-8281
-8279
-8278
-8277
-8274
-8272
-8271
-8269
-8264
-8263
-8262
-8262
-8256
-8251
-8244
-8242
-8237
-8237
-8233
-8232
-8230
-8228
-8225
-8224
-8224
-8221
-8221
-8220
-8219
-8205
-8203
-8202
-8201
-8199
-8194
-8189
-8187
-8179
-8178
-8172
-8169
-8167
-8167
-8166
-8164
-8160
-8159
-8157
-8154
-8151
-8149
-8149
-8146
-8146
-8144
-8144
-8133
-8124
-8120
-8120
-8119
-8116
-8115
-8108
-8098
-8093
-8092
-8092
-8090
-8090
-8085
-8083
-8083
-8080
-8067
-8063
-8061
-8059
-8050
-8041
-8039
-8038
-8035
-8033
-8032
-8031
-8027
-8026
-8024
-8023
-8023
-8022
-8022
-8020
-8019
-8019
-8019
-8015
-8013
-8012
-8010
-8000
-7999
-7999
-7989
-7985
-7983
-7981
-7981
-7976
-7970
-7963
-7960
-7960
-7960
-7958
-7953
-7946
-7944
-7938
-7932
-7925
-7924
-7920
-7917
-7917
-7916
-7915
-7914
-7912
-7911
-7910
-7908
-7903
-7901
-7898
-7895
-7890
-7885
-7884
-7884
-7881
-7880
-7879
-7877
-7871
-7867
-7866
-7864
-7861
-7860
-7858
-7858
-7855
-7852
-7848
-7848
-7844
-7843
-7831
-7830
-7827
-7816
-7814
-7814
-7812
-7808
-7803
-7801
-7798
-7797
-7791
-7789
-7788
-7786
-7781
-7777
-7774
-7773
-7771
-7751
-7750
-7749
-7748
-7743
-7739
-7738
-7738
-7738
-7738
-7738
-7737
-7733
-7728
-7728
-7728
-7725
-7721
-7720
-7708
-7707
-7705
-7702
-7701
-7695
-7693
-7686
-7685
-7681
-7681
-7675
-7674
-7672
-7667
-7663
-7663
-7643
-7641
-7640
-7638
-7637
-7634
-7626
-7623
-7618
-7610
-7607
-7606
-7604
-7601
-7595
-7593
-7590
-7589
-7589
-7588
-7585
-7585
-7582
-7579
-7579
-7574
-7571
-7568
-7566
-7565
-7560
-7559
-7541
-7537
-7527
-7527
-7522
-7519
-7517
-7516
-7515
-7511
-7508
-7505
-7502
-7502
-7497
-7493
-7493
-7491
-7488
-7484
-7481
-7480
-7471
-7470
-7467
-7466
-7460
-7455
-7454
-7453
-7450
-7445
-7440
-7428
-7422
-7420
-7419
-7416
-7407
-7403
-7401
-7399
-7398
-7397
-7395
-7393
-7393
-7378
-7371
-7370
-7360
-7357
-7355
-7352
-7350
-7348
-7345
-7345
-7341
-7336
-7335
-7332
-7327
-7327
-7324
-7319
-7316
-7316
-7309
-7308
-7296
-7296
-7293
-7293
-7290
-7288
-7278
-7274
-7271
-7270
-7270
-7267
-7266
-7266
-7262
-7258
-7256
-7256
-7255
-7250
-7244
-7242
-7234
-7232
-7231
-7226
-7226
-7222
-7221
-7217
-7216
-7214
-7213
-7208
-7203
-7201
-7201
-7194
-7191
-7188
-7188
-7182
-7182
-7181
-7180
-7177
-7173
-7168
-7167
-7166
-7162
-7158
-7157
-7157
-7149
-7146
-7144
-7141
-7138
-7138
-7138
-7137
-7136
-7131
-7130
-7128
-7124
-7120
-7117
-7113
-7108
-7102
-7100
-7098
-7096
-7094
-7089
-7084
-7083
-7081
-7078
-7077
-7075
-7074
-7069
-7068
-7067
-7063
-7062
-7055
-7051
-7049
-7031
-7025
-7022
-7018
-7013
-7013
-7013
-7010
-7007
-7007
-7006
-7002
-7001
-7000
-6998
-6991
-6989
-6976
-6971
-6971
-6970
-6969
-6969
-6965
-6965
-6957
-6951
-6950
-6947
-6946
-6938
-6938
-6937
-6933
-6930
-6925
-6923
-6923
-6921
-6920
-6919
-6918
-6917
-6916
-6911
-6910
-6909
-6909
-6907
-6902
-6898
-6895
-6890
-6876
-6867
-6866
-6866
-6866
-6864
-6860
-6855
-6853
-6846
-6844
-6840
-6835
-6833
-6827
-6819
-6817
-6812
-6810
-6808
-6803
-6802
-6801
-6799
-6797
-6796
-6790
-6790
-6788
-6788
-6786
-6784
-6783
-6783
-6779
-6777
-6776
-6775
-6774
-6771
-6767
-6765
-6763
-6762
-6755
-6752
-6749
-6748
-6742
-6735
-6731
-6728
-6726
-6726
-6725
-6715
-6715
-6707
-6706
-6706
-6705
-6705
-6701
-6696
-6696
-6695
-6695
-6693
-6691
-6689
-6674
-6669
-6668
-6662
-6659
-6657
-6655
-6648
-6646
-6642
-6642
-6639
-6638
-6635
-6632
-6630
-6617
-6613
-6599
-6594
-6591
-6586
-6576
-6572
-6570
-6569
-6568
-6567
-6563
-6561
-6560
-6557
-6547
-6547
-6546
-6545
-6544
-6543
-6538
-6535
-6534
-6533
-6533
-6530
-6530
-6526
-6525
-6513
-6512
-6511
-6511
-6507
-6507
-6506
-6504
-6495
-6495
-6494
-6493
-6483
-6481
-6480
-6479
-6479
-6478
-6472
-6462
-6462
-6449
-6448
-6447
-6442
-6436
-6436
-6434
-6431
-6431
-6431
-6424
-6424
-6421
-6420
-6419
-6419
-6414
-6409
-6407
-6400
-6395
-6384
-6379
-6378
-6375
-6372
-6371
-6370
-6353
-6352
-6350
-6350
-6350
-6344
-6342
-6341
-6331
-6323
-6318
-6315
-6314
-6313
-6312
-6311
-6308
-6306
-6304
-6303
-6301
-6300
-6295
-6293
-6288
-6286
-6282
-6273
-6268
-6267
-6264
-6261
-6259
-6257
-6256
-6251
-6244
-6242
-6241
-6239
-6232
-6227
-6218
-6216
-6211
-6205
-6202
-6199
-6199
-6191
-6181
-6176
-6175
-6175
-6174
-6171
-6163
-6160
-6154
-6151
-6150
-6149
-6147
-6143
-6141
-6141
-6138
-6138
-6136
-6134
-6130
-6128
-6124
-6120
-6118
-6113
-6105
-6100
-6096
-6094
-6093
-6092
-6088
-6080
-6080
-6077
-6072
-6069
-6067
-6066
-6065
-6061
-6061
-6054
-6050
-6050
-6044
-6042
-6041
-6032
-6031
-6027
-6027
-6026
-6017
-6016
-6010
-6003
-5996
-5996
-5994
-5989
-5984
-5984
-5983
-5983
-5982
-5974
-5973
-5972
-5972
-5963
-5963
-5962
-5958
-5957
-5952
-5949
-5936
-5935
-5932
-5919
-5918
-5918
-5917
-5916
-5913
-5901
-5899
-5899
-5898
-5894
-5893
-5881
-5878
-5878
-5876
-5870
-5869
-5867
-5863
-5862
-5852
-5851
-5850
-5850
-5850
-5849
-5844
-5844
-5842
-5839
-5838
-5834
-5816
-5811
-5811
-5807
-5804
-5804
-5803
-5800
-5800
-5797
-5790
-5786
-5784
-5783
-5781
-5771
-5769
-5766
-5761
-5758
-5757
-5755
-5753
-5750
-5749
-5747
-5742
-5738
-5738
-5737
-5734
-5732
-5731
-5728
-5725
-5724
-5724
-5723
-5722
-5721
-5721
-5719
-5712
-5712
-5711
-5708
-5706
-5701
-5700
-5689
-5689
-5686
-5681
-5681
-5672
-5671
-5670
-5670
-5667
-5663
-5651
-5649
-5647
-5641
-5633
-5626
-5625
-5622
-5622
-5622
-5617
-5617
-5615
-5606
-5604
-5603
-5595
-5594
-5594
-5587
-5585
-5584
-5580
-5574
-5573
-5571
-5561
-5559
-5558
-5556
-5554
-5553
-5552
-5550
-5545
-5545
-5545
-5544
-5543
-5541
-5532
-5529
-5529
-5527
-5526
-5522
-5521
-5519
-5518
-5515
-5514
-5509
-5509
-5506
-5504
-5498
-5495
-5487
-5482
-5474
-5470
-5470
-5463
-5461
-5451
-5447
-5446
-5444
-5441
-5441
-5440
-5437
-5436
-5435
-5433
-5428
-5426
-5424
-5422
-5420
-5419
-5416
-5415
-5411
-5410
-5409
-5401
-5401
-5400
-5400
-5395
-5394
-5392
-5390
-5384
-5382
-5371
-5362
-5361
-5359
-5357
-5356
-5353
-5351
-5351
-5346
-5339
-5338
-5331
-5327
-5326
-5323
-5322
-5320
-5312
-5308
-5296
-5295
-5293
-5291
-5289
-5285
-5283
-5279
-5277
-5273
-5270
-5268
-5267
-5266
-5265
-5262
-5259
-5259
-5247
-5234
-5233
-5230
-5228
-5219
-5214
-5214
-5214
-5213
-5212
-5212
-5210
-5208
-5208
-5206
-5205
-5201
-5194
-5192
-5189
-5184
-5181
-5179
-5178
-5177
-5175
-5173
-5172
-5168
-5162
-5162
-5158
-5155
-5144
-5144
-5142
-5139
-5138
-5132
-5132
-5129
-5128
-5124
-5122
-5114
-5114
-5110
-5109
-5108
-5108
-5106
-5106
-5105
-5104
-5099
-5099
-5095
-5095
-5092
-5087
-5085
-5082
-5081
-5081
-5079
-5076
-5070
-5069
-5066
-5065
-5064
-5063
-5061
-5059
-5050
-5049
-5047
-5043
-5033
-5026
-5021
-5019
-5010
-5009
-5000
-4997
-4996
-4994
-4994
-4989
-4989
-4989
-4988
-4985
-4981
-4980
-4980
-4979
-4974
-4973
-4964
-4960
-4958
-4955
-4955
-4954
-4954
-4952
-4952
-4950
-4949
-4949
-4939
-4932
-4932
-4928
-4927
-4922
-4916
-4907
-4907
-4903
-4899
-4899
-4896
-4893
-4888
-4887
-4886
-4879
-4879
-4875
-4875
-4863
-4859
-4856
-4855
-4854
-4851
-4850
-4847
-4841
-4837
-4835
-4835
-4834
-4833
-4823
-4818
-4813
-4809
-4808
-4806
-4805
-4803
-4797
-4793
-4792
-4786
-4786
-4782
-4781
-4781
-4770
-4768
-4767
-4766
-4765
-4765
-4763
-4755
-4755
-4755
-4752
-4750
-4747
-4746
-4745
-4745
-4745
-4744
-4742
-4737
-4736
-4733
-4730
-4718
-4718
-4715
-4709
-4702
-4700
-4694
-4693
-4687
-4675
-4664
-4662
-4660
-4655
-4650
-4641
-4640
-4637
-4634
-4634
-4633
-4630
-4616
-4608
-4598
-4596
-4592
-4591
-4582
-4581
-4579
-4573
-4570
-4568
-4567
-4564
-4554
-4552
-4552
-4550
-4550
-4541
-4541
-4537
-4528
-4524
-4520
-4520
-4517
-4515
-4514
-4513
-4510
-4510
-4509
-4509
-4508
-4507
-4502
-4500
-4496
-4494
-4491
-4488
-4487
-4484
-4484
-4484
-4481
-4478
-4478
-4471
-4469
-4466
-4465
-4463
-4458
-4456
-4455
-4452
-4451
-4450
-4448
-4445
-4436
-4432
-4431
-4427
-4419
-4415
-4409
-4407
-4407
-4398
-4398
-4398
-4396
-4395
-4390
-4389
-4385
-4383
-4382
-4380
-4380
-4378
-4374
-4370
-4369
-4364
-4362
-4359
-4345
-4344
-4339
-4339
-4337
-4337
-4335
-4332
-4330
-4330
-4330
-4329
-4329
-4322
-4321
-4310
-4306
-4294
-4289
-4289
-4286
-4286
-4285
-4282
-4269
-4265
-4265
-4262
-4261
-4258
-4255
-4248
-4247
-4245
-4244
-4244
-4234
-4230
-4228
-4226
-4225
-4219
-4218
-4215
-4210
-4205
-4195
-4193
-4191
-4191
-4190
-4179
-4175
-4173
-4172
-4161
-4160
-4156
-4144
-4141
-4138
-4137
-4135
-4129
-4126
-4126
-4119
-4116
-4115
-4113
-4112
-4109
-4107
-4103
-4102
-4098
-4095
-4091
-4087
-4086
-4085
-4083
-4080
-4079
-4076
-4069
-4062
-4062
-4057
-4057
-4056
-4054
-4052
-4051
-4050
-4048
-4046
-4045
-4042
-4042
-4040
-4039
-4038
-4035
-4035
-4034
-4028
-4027
-4027
-4020
-4017
-4014
-4012
-4008
-4007
-3992
-3990
-3987
-3978
-3976
-3975
-3972
-3969
-3965
-3961
-3959
-3958
-3958
-3955
-3951
-3942
-3940
-3938
-3938
-3938
-3931
-3927
-3919
-3917
-3916
-3915
-3913
-3913
-3911
-3909
-3908
-3904
-3904
-3901
-3897
-3890
-3885
-3884
-3884
-3878
-3873
-3872
-3870
-3865
-3856
-3853
-3847
-3846
-3843
-3841
-3837
-3837
-3835
-3834
-3828
-3828
-3825
-3823
-3820
-3820
-3820
-3819
-3818
-3812
-3809
-3804
-3801
-3796
-3791
-3790
-3790
-3786
-3786
-3784
-3783
-3779
-3777
-3772
-3771
-3770
-3769
-3765
-3763
-3757
-3749
-3740
-3739
-3738
-3738
-3735
-3735
-3732
-3730
-3729
-3728
-3727
-3721
-3719
-3718
-3718
-3718
-3716
-3709
-3706
-3694
-3694
-3692
-3691
-3689
-3688
-3686
-3682
-3679
-3678
-3671
-3665
-3661
-3661
-3652
-3645
-3644
-3644
-3640
-3640
-3625
-3624
-3624
-3622
-3615
-3614
-3608
-3607
-3607
-3605
-3602
-3598
-3592
-3591
-3589
-3587
-3575
-3573
-3572
-3565
-3564
-3564
-3563
-3562
-3560
-3555
-3554
-3554
-3547
-3545
-3544
-3541
-3536
-3527
-3523
-3523
-3522
-3518
-3516
-3514
-3513
-3512
-3505
-3497
-3497
-3493
-3485
-3483
-3479
-3473
-3473
-3473
-3472
-3461
-3458
-3455
-3448
-3447
-3445
-3443
-3442
-3438
-3434
-3432
-3426
-3426
-3422
-3420
-3417
-3416
-3412
-3410
-3410
-3408
-3407
-3406
-3405
-3405
-3404
-3403
-3400
-3394
-3387
-3386
-3383
-3382
-3376
-3372
-3370
-3369
-3368
-3362
-3344
-3340
-3339
-3338
-3336
-3334
-3332
-3330
-3324
-3322
-3318
-3314
-3313
-3312
-3310
-3307
-3305
-3303
-3302
-3296
-3294
-3285
-3282
-3281
-3277
-3273
-3272
-3267
-3267
-3264
-3255
-3246
-3244
-3242
-3234
-3230
-3228
-3225
-3225
-3224
-3223
-3222
-3220
-3220
-3219
-3219
-3217
-3217
-3213
-3202
-3193
-3193
-3192
-3182
-3175
-3171
-3171
-3160
-3155
-3145
-3145
-3131
-3130
-3118
-3115
-3113
-3106
-3104
-3102
-3101
-3099
-3099
-3098
-3092
-3092
-3091
-3089
-3083
-3082
-3081
-3076
-3070
-3070
-3070
-3065
-3063
-3063
-3059
-3059
-3056
-3056
-3045
-3044
-3037
-3032
-3031
-3028
-3026
-3026
-3023
-3018
-3018
-3016
-3016
-3013
-3009
-3008
-3005
-3000
-2988
-2988
-2980
-2977
-2975
-2962
-2955
-2953
-2952
-2952
-2946
-2943
-2938
-2936
-2933
-2932
-2931
-2931
-2929
-2928
-2925
-2923
-2919
-2916
-2909
-2906
-2905
-2901
-2900
-2898
-2898
-2897
-2889
-2887
-2887
-2886
-2885
-2884
-2882
-2882
-2881
-2880
-2880
-2878
-2875
-2875
-2857
-2855
-2855
-2851
-2850
-2848
-2847
-2840
-2838
-2837
-2836
-2829
-2825
-2819
-2817
-2808
-2794
-2791
-2790
-2783
-2783
-2780
-2780
-2776
-2776
-2771
-2769
-2769
-2767
-2766
-2760
-2757
-2756
-2754
-2749
-2749
-2747
-2741
-2736
-2734
-2728
-2710
-2708
-2705
-2695
-2693
-2689
-2689
-2687
-2686
-2683
-2677
-2677
-2676
-2673
-2654
-2652
-2651
-2648
-2632
-2631
-2628
-2627
-2621
-2617
-2614
-2610
-2609
-2608
-2603
-2601
-2600
-2598
-2590
-2585
-2585
-2585
-2581
-2577
-2577
-2575
-2574
-2572
-2572
-2571
-2570
-2567
-2565
-2565
-2561
-2555
-2554
-2551
-2546
-2540
-2539
-2537
-2537
-2536
-2526
-2526
-2526
-2524
-2519
-2516
-2514
-2513
-2513
-2511
-2507
-2505
-2496
-2495
-2489
-2485
-2481
-2480
-2479
-2477
-2473
-2471
-2467
-2466
-2460
-2457
-2456
-2455
-2446
-2444
-2442
-2441
-2440
-2439
-2435
-2426
-2418
-2415
-2415
-2414
-2408
-2404
-2403
-2401
-2399
-2399
-2398
-2393
-2390
-2388
-2387
-2385
-2380
-2376
-2375
-2375
-2370
-2368
-2367
-2359
-2354
-2354
-2354
-2342
-2340
-2336
-2336
-2333
-2333
-2333
-2330
-2329
-2328
-2328
-2325
-2324
-2322
-2318
-2317
-2312
-2305
-2303
-2301
-2288
-2284
-2280
-2278
-2277
-2274
-2265
-2265
-2263
-2262
-2261
-2261
-2260
-2257
-2249
-2249
-2241
-2237
-2230
-2229
-2224
-2217
-2215
-2214
-2212
-2210
-2207
-2205
-2203
-2202
-2198
-2188
-2186
-2184
-2181
-2180
-2177
-2172
-2162
-2161
-2158
-2150
-2149
-2146
-2145
-2144
-2137
-2135
-2134
-2134
-2134
-2129
-2128
-2128
-2127
-2125
-2122
-2120
-2118
-2117
-2115
-2115
-2113
-2112
-2112
-2109
-2105
-2105
-2103
-2098
-2098
-2098
-2096
-2095
-2093
-2090
-2089
-2085
-2075
-2070
-2068
-2067
-2065
-2062
-2061
-2059
-2056
-2056
-2056
-2054
-2053
-2050
-2046
-2045
-2043
-2043
-2038
-2038
-2036
-2032
-2025
-2021
-2015
-2013
-2009
-2009
-2005
-2003
-2002
-2000
-1994
-1989
-1985
-1973
-1972
-1972
-1970
-1969
-1968
-1964
-1964
-1961
-1959
-1956
-1951
-1950
-1950
-1950
-1947
-1943
-1942
-1941
-1941
-1935
-1929
-1927
-1925
-1917
-1912
-1911
-1908
-1907
-1904
-1902
-1899
-1899
-1890
-1885
-1883
-1882
-1879
-1879
-1878
-1875
-1866
-1866
-1865
-1861
-1856
-1854
-1846
-1845
-1840
-1830
-1827
-1826
-1825
-1825
-1822
-1815
-1815
-1810
-1808
-1807
-1803
-1803
-1795
-1794
-1789
-1787
-1786
-1786
-1778
-1777
-1775
-1761
-1761
-1752
-1752
-1752
-1752
-1751
-1745
-1744
-1743
-1738
-1726
-1725
-1724
-1723
-1720
-1719
-1708
-1706
-1705
-1705
-1700
-1698
-1698
-1697
-1691
-1679
-1678
-1674
-1673
-1672
-1670
-1661
-1660
-1658
-1657
-1653
-1648
-1643
-1637
-1637
-1623
-1616
-1615
-1612
-1606
-1606
-1606
-1598
-1597
-1596
-1594
-1591
-1590
-1588
-1587
-1581
-1580
-1578
-1577
-1571
-1571
-1568
-1567
-1564
-1562
-1561
-1555
-1555
-1554
-1553
-1550
-1548
-1546
-1546
-1545
-1545
-1544
-1542
-1541
-1539
-1531
-1530
-1521
-1513
-1509
-1506
-1504
-1501
-1500
-1500
-1498
-1498
-1498
-1496
-1495
-1493
-1493
-1491
-1488
-1485
-1478
-1475
-1473
-1473
-1467
-1463
-1460
-1458
-1458
-1450
-1450
-1447
-1447
-1440
-1438
-1436
-1431
-1430
-1429
-1428
-1426
-1422
-1421
-1415
-1410
-1405
-1403
-1403
-1401
-1400
-1395
-1391
-1391
-1386
-1382
-1381
-1372
-1368
-1366
-1360
-1351
-1348
-1347
-1345
-1342
-1340
-1340
-1340
-1340
-1335
-1330
-1327
-1326
-1324
-1316
-1316
-1313
-1308
-1305
-1297
-1293
-1288
-1286
-1267
-1263
-1262
-1259
-1258
-1256
-1249
-1247
-1243
-1241
-1236
-1235
-1234
-1231
-1230
-1224
-1220
-1217
-1199
-1196
-1193
-1190
-1189
-1189
-1188
-1186
-1184
-1183
-1181
-1178
-1173
-1173
-1170
-1170
-1163
-1159
-1153
-1153
-1146
-1140
-1136
-1131
-1126
-1124
-1123
-1123
-1119
-1119
-1119
-1118
-1116
-1115
-1114
-1113
-1112
-1110
-1108
-1108
-1106
-1105
-1100
-1099
-1096
-1096
-1085
-1085
-1084
-1084
-1079
-1078
-1076
-1075
-1074
-1073
-1060
-1059
-1059
-1055
-1055
-1050
-1045
-1044
-1043
-1039
-1035
-1033
-1027
-1025
-1023
-1020
-1019
-1012
-1010
-1005
-1004
-998
-998
-995
-992
-988
-986
-978
-977
-974
-973
-973
-969
-968
-968
-958
-955
-950
-944
-939
-938
-937
-934
-932
-930
-927
-927
-923
-922
-918
-915
-914
-912
-906
-905
-902
-900
-899
-891
-888
-885
-885
-881
-880
-880
-880
-878
-876
-870
-869
-869
-866
-863
-860
-858
-857
-855
-855
-853
-851
-850
-847
-840
-838
-837
-834
-833
-831
-824
-822
-821
-819
-819
-819
-818
-816
-813
-808
-802
-800
-795
-794
-793
-790
-788
-787
-786
-785
-783
-778
-771
-770
-770
-768
-766
-764
-763
-759
-757
-757
-756
-755
-755
-752
-744
-743
-742
-736
-736
-732
-731
-725
-724
-721
-717
-716
-714
-712
-699
-691
-686
-685
-682
-678
-677
-676
-668
-668
-667
-666
-662
-662
-658
-656
-653
-650
-649
-646
-639
-635
-634
-633
-631
-628
-625
-618
-607
-606
-600
-600
-599
-588
-582
-581
-581
-578
-578
-576
-566
-563
-563
-561
-560
-559
-557
-553
-553
-553
-531
-529
-524
-517
-516
-516
-516
-515
-507
-507
-496
-496
-486
-484
-478
-472
-466
-459
-458
-454
-451
-449
-446
-443
-443
-443
-441
-440
-440
-438
-436
-433
-432
-431
-426
-425
-424
-419
-416
-412
-409
-408
-404
-404
-401
-397
-395
-389
-387
-373
-371
-368
-367
-365
-361
-360
-359
-356
-356
-355
-353
-348
-344
-344
-342
-341
-332
-331
-330
-326
-326
-318
-317
-315
-314
-312
-310
-304
-303
-301
-300
-298
-282
-279
-275
-267
-264
-264
-262
-259
-249
-246
-245
-236
-230
-227
-225
-224
-224
-218
-217
-215
-206
-205
-202
-198
-195
-188
-186
-185
-183
-182
-173
-169
-160
-158
-156
-156
-155
-155
-154
-151
-145
-142
-134
-131
-127
-127
-119
-109
-107
-106
-106
-103
-100
-96
-96
-92
-90
-79
-76
-76
-71
-71
-65
-62
-61
-61
-60
-54
-51
-45
-43
-41
-39
-34
-18
-18
-16
-8
-8
-6
-6
-4
-3
2
2
4
5
6
7
9
11
14
16
18
20
21
22
23
25
28
31
31
31
36
41
44
44
46
50
51
57
59
61
76
79
80
87
87
92
97
99
103
105
106
107
107
109
113
117
123
126
139
140
142
146
148
157
166
166
169
170
170
171
173
174
178
180
181
182
191
192
194
196
196
199
199
200
205
205
208
210
212
214
214
216
217
219
224
225
231
233
234
237
238
241
242
247
250
251
254
257
262
263
270
272
274
274
277
278
280
281
283
284
289
293
295
296
299
300
306
307
311
316
319
328
331
334
337
344
346
349
359
367
367
371
372
374
381
383
392
397
397
399
400
402
403
416
417
421
422
422
424
424
425
426
430
434
435
440
445
450
451
453
457
464
472
479
481
482
487
489
491
492
493
495
498
511
514
515
517
517
520
524
525
530
532
534
534
540
542
545
548
553
556
559
561
568
573
577
585
585
589
590
594
600
604
604
605
613
613
614
614
619
627
628
628
636
637
639
640
642
643
644
644
646
650
657
658
659
661
663
665
667
671
676
680
681
683
687
687
688
691
692
693
695
697
700
701
706
708
713
717
718
721
725
729
735
739
749
752
760
760
763
767
777
783
784
785
792
793
800
801
801
806
809
811
812
816
819
830
844
847
847
849
851
851
852
861
867
867
867
872
874
876
880
884
884
885
887
889
891
892
893
895
895
902
902
903
909
910
912
915
916
916
918
924
926
934
935
939
940
940
945
947
947
950
951
952
957
960
961
964
968
973
977
981
982
984
984
985
985
991
992
997
999
1001
1002
1012
1014
1014
1016
1026
1026
1030
1031
1032
1035
1036
1050
1050
1053
1061
1062
1067
1068
1069
1073
1074
1074
1081
1081
1084
1086
1094
1100
1100
1101
1101
1108
1110
1112
1113
1114
1116
1119
1119
1123
1126
1127
1127
1127
1129
1131
1138
1144
1146
1150
1158
1159
1159
1166
1182
1183
1187
1189
1191
1194
1196
1198
1199
1202
1214
1216
1220
1224
1229
1231
1232
1233
1235
1240
1241
1242
1246
1254
1254
1255
1260
1265
1270
1277
1277
1278
1280
1287
1287
1290
1297
1299
1302
1307
1313
1315
1317
1319
1322
1329
1330
1339
1345
1347
1348
1348
1351
1351
1351
1353
1356
1363
1364
1365
1374
1374
1385
1397
1399
1402
1404
1407
1411
1412
1412
1414
1415
1415
1422
1422
1428
1430
1431
1432
1438
1445
1449
1449
1450
1455
1455
1465
1466
1468
1468
1470
1476
1478
1480
1480
1480
1481
1481
1483
1486
1486
1486
1490
1492
1496
1496
1498
1499
1501
1508
1509
1512
1514
1516
1521
1524
1531
1531
1533
1536
1538
1542
1545
1549
1556
1556
1559
1562
1562
1565
1566
1566
1571
1583
1585
1590
1597
1598
1599
1604
1618
1627
1631
1631
1634
1635
1639
1642
1645
1646
1653
1656
1667
1674
1676
1679
1683
1683
1684
1685
1688
1691
1691
1696
1697
1699
1700
1713
1715
1716
1719
1723
1727
1731
1731
1731
1732
1741
1742
1742
1745
1746
1748
1751
1752
1754
1758
1764
1766
1768
1768
1769
1772
1773
1781
1784
1786
1786
1788
1788
1789
1790
1792
1795
1795
1797
1797
1799
1800
1811
1813
1822
1825
1828
1830
1833
1842
1842
1845
1847
1855
1856
1859
1860
1863
1863
1864
1870
1870
1874
1877
1877
1878
1880
1883
1884
1888
1888
1889
1890
1890
1891
1892
1893
1895
1899
1903
1908
1909
1909
1912
1913
1913
1920
1924
1924
1931
1935
1945
1948
1950
1950
1952
1960
1976
1980
1980
1985
1993
1995
1996
2000
2003
2003
2008
2016
2016
2024
2027
2031
2033
2033
2033
2044
2044
2044
2045
2049
2053
2054
2058
2060
2063
2066
2066
2067
2067
2071
2072
2076
2078
2084
2086
2087
2089
2092
2095
2100
2107
2110
2110
2112
2113
2117
2121
2121
2128
2133
2134
2136
2137
2143
2144
2149
2150
2152
2158
2159
2171
2172
2174
2178
2179
2180
2183
2187
2188
2189
2191
2194
2194
2195
2196
2200
2201
2201
2202
2203
2207
2208
2215
2216
2220
2221
2229
2232
2236
2244
2245
2246
2247
2248
2249
2254
2254
2254
2260
2262
2263
2265
2266
2269
2276
2279
2286
2288
2293
2294
2294
2298
2301
2313
2317
2322
2324
2324
2325
2336
2336
2339
2343
2350
2351
2353
2354
2355
2363
2363
2369
2374
2374
2379
2379
2386
2386
2389
2389
2389
2402
2417
2417
2418
2419
2420
2427
2431
2440
2442
2445
2453
2458
2461
2462
2467
2468
2473
2477
2486
2486
2497
2501
2504
2521
2523
2524
2525
2526
2529
2530
2532
2535
2538
2541
2541
2544
2545
2546
2546
2551
2553
2567
2572
2575
2575
2577
2580
2591
2592
2593
2596
2597
2604
2613
2613
2616
2617
2618
2625
2626
2628
2629
2631
2655
2656
2658
2661
2662
2663
2664
2664
2669
2672
2674
2678
2691
2698
2702
2702
2707
2711
2714
2716
2717
2719
2721
2722
2725
2726
2727
2730
2738
2740
2742
2743
2755
2760
2762
2763
2767
2769
2771
2771
2772
2774
2779
2781
2783
2783
2784
2784
2791
2798
2803
2804
2806
2822
2823
2825
2829
2832
2836
2838
2838
2844
2846
2846
2849
2850
2852
2853
2858
2864
2866
2867
2874
2879
2879
2881
2882
2889
2891
2894
2904
2906
2906
2909
2922
2930
2931
2932
2934
2934
2934
2944
2944
2946
2949
2949
2951
2954
2960
2965
2966
2967
2968
2969
2970
2972
2973
2975
2977
2980
2982
2984
2984
2985
2986
2994
2996
2998
3003
3003
3006
3007
3009
3012
3013
3027
3027
3029
3029
3030
3034
3048
3048
3052
3054
3055
3060
3061
3065
3068
3077
3077
3079
3083
3086
3086
3089
3090
3092
3093
3094
3095
3097
3106
3106
3112
3113
3119
3121
3126
3130
3131
3131
3132
3135
3136
3137
3138
3146
3149
3150
3163
3164
3169
3173
3182
3184
3184
3185
3187
3190
3191
3192
3193
3194
3202
3207
3207
3208
3209
3210
3215
3216
3217
3221
3222
3223
3227
3229
3229
3230
3232
3236
3237
3238
3239
3245
3247
3249
3256
3258
3259
3260
3262
3266
3270
3273
3277
3284
3286
3288
3290
3291
3293
3297
3298
3298
3303
3303
3308
3317
3323
3325
3325
3326
3330
3334
3334
3334
3334
3342
3344
3347
3348
3352
3352
3354
3354
3362
3363
3364
3366
3369
3370
3373
3377
3387
3388
3389
3392
3393
3403
3404
3404
3406
3406
3407
3408
3413
3415
3419
3421
3424
3425
3427
3434
3434
3435
3436
3438
3445
3446
3447
3449
3458
3460
3463
3465
3469
3472
3473
3477
3486
3490
3490
3491
3492
3493
3496
3511
3517
3518
3519
3525
3526
3527
3530
3549
3552
3553
3553
3554
3555
3567
3567
3568
3568
3569
3575
3582
3583
3593
3595
3599
3610
3613
3615
3615
3616
3618
3623
3631
3631
3635
3636
3638
3640
3640
3641
3647
3652
3655
3656
3657
3684
3690
3694
3694
3696
3698
3699
3700
3706
3729
3731
3735
3737
3741
3743
3753
3753
3753
3754
3756
3765
3769
3778
3779
3784
3784
3786
3793
3794
3796
3796
3797
3797
3803
3807
3808
3809
3812
3813
3817
3825
3828
3834
3835
3837
3838
3839
3843
3848
3854
3855
3855
3860
3861
3869
3870
3873
3878
3880
3881
3885
3886
3889
3891
3894
3898
3898
3899
3906
3913
3917
3924
3933
3935
3943
3950
3955
3960
3961
3963
3966
3970
3971
3971
3972
3975
3975
3980
3981
3981
3991
3993
4004
4009
4010
4010
4011
4012
4015
4016
4025
4027
4032
4036
4039
4045
4045
4045
4049
4053
4056
4056
4056
4057
4061
4063
4064
4071
4073
4078
4078
4079
4085
4086
4089
4097
4099
4102
4103
4103
4106
4108
4110
4121
4124
4131
4134
4135
4135
4136
4138
4140
4144
4149
4154
4156
4159
4159
4165
4166
4170
4174
4175
4176
4182
4184
4184
4191
4197
4209
4211
4223
4230
4233
4239
4241
4250
4254
4254
4256
4262
4267
4268
4271
4271
4272
4274
4277
4278
4280
4281
4283
4286
4293
4296
4301
4303
4311
4312
4314
4314
4316
4317
4318
4326
4328
4330
4331
4334
4339
4339
4340
4346
4349
4349
4353
4353
4359
4362
4364
4365
4367
4367
4374
4381
4382
4382
4387
4388
4394
4397
4399
4402
4407
4409
4410
4411
4413
4415
4415
4416
4418
4424
4430
4439
4442
4443
4455
4457
4460
4462
4464
4470
4472
4475
4476
4477
4482
4486
4488
4489
4495
4496
4498
4505
4505
4506
4508
4509
4517
4518
4522
4524
4526
4527
4533
4534
4535
4538
4540
4547
4548
4549
4558
4558
4562
4569
4583
4583
4589
4590
4593
4609
4619
4619
4621
4622
4623
4624
4625
4627
4637
4644
4645
4648
4650
4652
4652
4656
4658
4660
4665
4666
4674
4683
4686
4686
4689
4693
4694
4694
4696
4701
4705
4705
4708
4710
4712
4715
4722
4729
4731
4736
4740
4744
4745
4753
4756
4759
4761
4763
4772
4773
4774
4780
4780
4780
4782
4783
4783
4787
4788
4789
4791
4798
4798
4798
4800
4802
4803
4814
4817
4818
4819
4821
4823
4829
4829
4833
4836
4847
4847
4849
4851
4856
4860
4862
4864
4867
4869
4875
4876
4877
4877
4893
4896
4900
4902
4903
4903
4907
4909
4915
4923
4924
4926
4927
4928
4930
4931
4933
4937
4941
4950
4951
4961
4962
4963
4970
4976
4981
4982
4985
4988
4994
4997
5004
5004
5008
5010
5011
5016
5017
5018
5019
5021
5026
5029
5032
5035
5036
5041
5042
5043
5046
5054
5055
5056
5058
5068
5069
5071
5071
5076
5077
5079
5083
5084
5087
5088
5089
5090
5091
5093
5095
5095
5102
5107
5109
5111
5113
5119
5129
5133
5133
5136
5140
5142
5142
5144
5147
5147
5147
5149
5152
5156
5156
5165
5167
5173
5175
5179
5183
5184
5184
5185
5186
5187
5189
5189
5193
5197
5197
5198
5199
5201
5201
5201
5203
5204
5204
5204
5205
5206
5209
5214
5214
5219
5221
5222
5224
5227
5233
5244
5246
5247
5250
5254
5259
5260
5262
5264
5275
5276
5278
5290
5303
5305
5308
5311
5315
5316
5317
5317
5319
5319
5320
5322
5325
5328
5338
5342
5343
5345
5347
5349
5351
5356
5357
5359
5360
5361
5362
5363
5366
5371
5375
5379
5381
5392
5392
5396
5400
5405
5407
5411
5415
5421
5424
5426
5430
5434
5436
5439
5439
5442
5457
5457
5466
5467
5490
5493
5495
5501
5505
5515
5519
5534
5534
5538
5538
5539
5540
5542
5542
5547
5549
5550
5555
5559
5559
5559
5561
5562
5564
5565
5573
5575
5576
5577
5581
5581
5583
5584
5585
5588
5595
5595
5596
5601
5602
5613
5615
5615
5617
5633
5634
5638
5641
5646
5649
5653
5653
5656
5657
5658
5662
5664
5667
5669
5678
5684
5688
5691
5696
5698
5702
5705
5706
5711
5715
5719
5719
5720
5723
5728
5728
5731
5733
5739
5749
5752
5753
5755
5762
5763
5772
5777
5778
5778
5779
5791
5791
5794
5796
5805
5808
5808
5809
5810
5810
5811
5816
5816
5817
5823
5826
5829
5829
5829
5830
5832
5835
5835
5838
5839
5840
5845
5847
5851
5852
5859
5864
5865
5869
5872
5873
5874
5875
5877
5882
5885
5892
5899
5902
5905
5908
5919
5923
5925
5927
5929
5932
5941
5942
5954
5955
5956
5956
5967
5971
5972
5975
5977
5986
5997
6003
6005
6011
6015
6016
6029
6033
6034
6035
6035
6036
6044
6049
6051
6051
6052
6052
6055
6057
6061
6061
6063
6064
6065
6074
6076
6081
6081
6082
6088
6089
6091
6094
6096
6096
6096
6097
6100
6100
6103
6105
6106
6107
6107
6111
6111
6112
6113
6119
6119
6120
6121
6122
6122
6122
6123
6123
6124
6126
6128
6128
6131
6137
6140
6146
6147
6155
6160
6162
6162
6167
6168
6174
6175
6178
6179
6179
6180
6180
6184
6186
6195
6196
6197
6205
6205
6205
6208
6209
6211
6213
6213
6215
6223
6225
6230
6232
6236
6237
6242
6247
6252
6252
6254
6258
6260
6265
6272
6273
6274
6279
6292
6295
6295
6297
6299
6300
6302
6306
6306
6312
6318
6319
6320
6321
6323
6328
6328
6329
6330
6331
6331
6331
6332
6334
6338
6341
6344
6346
6347
6360
6361
6366
6367
6372
6373
6389
6395
6396
6397
6400
6401
6404
6404
6408
6411
6413
6414
6422
6426
6428
6430
6432
6433
6436
6440
6443
6451
6456
6456
6460
6460
6461
6462
6463
6464
6466
6467
6470
6473
6478
6479
6486
6486
6486
6490
6491
6497
6500
6502
6503
6509
6512
6512
6515
6522
6522
6522
6525
6527
6531
6532
6535
6535
6537
6539
6539
6543
6544
6545
6550
6558
6560
6561
6567
6570
6573
6576
6578
6581
6581
6582
6582
6592
6606
6611
6616
6616
6622
6623
6625
6629
6631
6635
6636
6639
6644
6646
6646
6649
6649
6656
6658
6658
6658
6667
6669
6671
6673
6673
6673
6678
6682
6684
6685
6686
6689
6692
6698
6703
6705
6706
6707
6710
6711
6723
6724
6726
6727
6727
6731
6732
6739
6741
6743
6746
6749
6750
6751
6752
6754
6767
6771
6776
6781
6781
6787
6790
6790
6791
6796
6798
6801
6806
6806
6809
6810
6820
6823
6824
6824
6827
6838
6843
6858
6860
6861
6868
6870
6870
6874
6876
6877
6880
6884
6887
6889
6891
6891
6899
6904
6906
6907
6914
6915
6919
6922
6929
6934
6937
6937
6939
6941
6944
6951
6951
6963
6966
6969
6970
6978
6978
6980
6982
6982
6987
6988
6988
6995
6997
7002
7006
7006
7009
7013
7014
7014
7021
7024
7028
7029
7031
7032
7035
7037
7041
7041
7044
7047
7051
7060
7065
7067
7070
7070
7079
7083
7083
7091
7095
7095
7099
7099
7102
7103
7110
7114
7115
7116
7119
7119
7121
7123
7132
7134
7136
7141
7144
7146
7147
7150
7158
7160
7164
7166
7166
7173
7173
7175
7180
7185
7188
7190
7192
7193
7194
7196
7202
7203
7204
7206
7214
7215
7215
7215
7217
7217
7223
7224
7226
7239
7242
7242
7246
7247
7257
7258
7263
7268
7273
7278
7284
7290
7290
7292
7292
7292
7294
7297
7304
7305
7307
7313
7315
7317
7336
7342
7350
7352
7358
7359
7360
7370
7372
7394
7394
7396
7401
7407
7415
7415
7418
7421
7424
7427
7427
7431
7435
7437
7437
7441
7441
7447
7455
7458
7460
7467
7470
7470
7470
7477
7481
7482
7482
7485
7490
7491
7492
7493
7493
7495
7495
7496
7498
7498
7498
7498
7500
7504
7506
7511
7516
7517
7521
7521
7521
7523
7526
7534
7537
7538
7538
7539
7547
7550
7554
7556
7557
7558
7561
7562
7563
7568
7568
7573
7575
7579
7579
7582
7584
7585
7587
7589
7589
7599
7606
7608
7608
7613
7616
7619
7623
7623
7633
7638
7638
7639
7640
7641
7643
7654
7661
7661
7662
7666
7672
7680
7685
7697
7704
7709
7710
7712
7717
7718
7718
7719
7725
7729
7729
7729
7734
7738
7740
7743
7745
7749
7753
7766
7770
7781
7781
7783
7783
7788
7790
7792
7792
7798
7802
7803
7806
7811
7818
7819
7822
7826
7827
7833
7834
7836
7837
7837
7838
7839
7848
7852
7854
7855
7859
7860
7864
7869
7870
7872
7874
7875
7881
7886
7891
7891
7892
7892
7897
7897
7899
7900
7902
7905
7908
7910
7912
7918
7927
7931
7932
7939
7939
7940
7941
7943
7947
7947
7949
7953
7955
7962
7966
7969
7970
7971
7974
7977
7979
7982
7983
7987
7990
7992
7993
7997
7997
7999
8001
8002
8018
8021
8023
8023
8025
8027
8029
8039
8042
8046
8050
8052
8062
8067
8072
8073
8074
8076
8083
8084
8084
8088
8090
8096
8097
8111
8111
8111
8116
8117
8125
8126
8131
8133
8133
8134
8144
8147
8151
8154
8163
8165
8167
8173
8184
8184
8189
8196
8204
8211
8217
8218
8224
8226
8232
8237
8238
8238
8239
8239
8245
8246
8248
8249
8251
8251
8252
8253
8254
8254
8257
8260
8265
8266
8267
8270
8272
8276
8276
8276
8276
8279
8281
8281
8282
8283
8288
8292
8296
8298
8300
8302
8305
8309
8319
8319
8332
8335
8336
8337
8352
8357
8358
8359
8359
8361
8364
8373
8380
8381
8391
8393
8394
8396
8398
8404
8405
8408
8428
8429
8429
8430
8431
8437
8442
8450
8457
8461
8465
8466
8469
8473
8474
8475
8479
8484
8485
8486
8486
8488
8488
8489
8490
8491
8493
8494
8497
8502
8503
8505
8505
8508
8510
8510
8511
8513
8525
8525
8527
8529
8531
8532
8535
8536
8537
8539
8541
8543
8544
8548
8557
8558
8558
8562
8564
8568
8571
8573
8574
8575
8578
8583
8584
8584
8587
8587
8592
8595
8601
8602
8608
8609
8613
8614
8617
8618
8619
8620
8622
8625
8625
8626
8627
8631
8633
8635
8655
8656
8660
8661
8661
8667
8669
8673
8680
8684
8686
8688
8689
8691
8694
8697
8699
8706
8714
8725
8729
8730
8731
8736
8746
8752
8753
8754
8755
8756
8763
8766
8767
8771
8774
8775
8775
8780
8782
8785
8792
8795
8795
8797
8797
8802
8804
8806
8807
8807
8811
8814
8818
8818
8821
8822
8826
8826
8841
8852
8856
8859
8862
8862
8863
8866
8874
8874
8875
8876
8877
8879
8879
8880
8881
8883
8888
8892
8895
8902
8903
8906
8911
8911
8913
8915
8918
8922
8931
8935
8944
8948
8948
8955
8961
8964
8968
8971
8972
8974
8975
8977
8984
8986
8992
8993
8993
8995
8998
9003
9005
9005
9008
9008
9011
9012
9019
9030
9040
9052
9065
9068
9073
9073
9074
9078
9080
9082
9082
9083
9083
9088
9092
9097
9100
9101
9107
9108
9108
9113
9114
9114
9115
9116
9120
9122
9122
9124
9124
9124
9124
9125
9135
9144
9144
9149
9150
9150
9152
9156
9158
9159
9165
9166
9175
9179
9180
9184
9184
9190
9197
9198
9200
9207
9207
9213
9216
9216
9225
9226
9231
9232
9241
9242
9245
9245
9248
9251
9252
9257
9265
9267
9269
9270
9275
9278
9280
9280
9287
9287
9287
9291
9298
9299
9307
9314
9314
9315
9320
9322
9323
9325
9326
9341
9346
9349
9351
9352
9352
9357
9359
9366
9366
9371
9374
9374
9378
9380
9381
9383
9392
9401
9402
9404
9405
9408
9409
9411
9418
9420
9422
9422
9423
9427
9433
9435
9438
9439
9445
9445
9455
9461
9463
9464
9465
9466
9468
9468
9469
9475
9478
9479
9481
9484
9484
9484
9492
9498
9501
9505
9505
9506
9508
9515
9516
9516
9518
9520
9522
9524
9527
9535
9535
9536
9539
9541
9542
9544
9548
9556
9563
9576
9581
9588
9588
9591
9592
9594
9596
9596
9597
9599
9601
9601
9603
9608
9611
9615
9619
9621
9624
9627
9628
9630
9635
9635
9635
9635
9642
9647
9653
9654
9655
9660
9661
9662
9664
9664
9665
9666
9669
9672
9679
9680
9686
9687
9691
9691
9695
9697
9701
9702
9702
9705
9707
9713
9718
9720
9724
9730
9734
9736
9743
9744
9746
9748
9749
9750
9751
9752
9770
9770
9776
9778
9780
9782
9788
9788
9788
9788
9793
9796
9800
9802
9803
9809
9812
9814
9818
9819
9826
9835
9837
9838
9838
9842
9846
9849
9851
9859
9860
9865
9870
9875
9877
9880
9882
9889
9892
9896
9897
9899
9909
9909
9910
9912
9913
9915
9915
9916
9917
9923
9927
9932
9932
9933
9937
9937
9940
9940
9942
9945
9948
9954
9956
9957
9961
9963
9964
9965
9965
9967
9968
9968
9969
9969
9970
9972
9975
9980
9984
9990
9997
9997
9998
